Sword:0,0,20,0,0,0,20,10,80,1,0
Iron Shield:20,15,0,0,12,12,0,0,0,2,0
Heavy Armor:40,0,0,0,30,25,0,0,0,3,0
Ring of STR:10,0,0,0,0,0,5,10,0,4,0
MagicRod:0,15,0,40,0,0,20,10,90,1,1
Feather Armor:20,0,0,0,20,10,0,0,0,3,0
Ring of INT:0,10,0,0,0,0,5,10,0,4,0
Dagger:0,10,0,25,10,0,40,30,80,1,0
Cloth Armor:20,0,0,0,10,10,0,0,0,3,0
Ring of LUK:0,0,5,5,0,0,15,10,0,4,0
Bow:0,10,0,30,15,0,20,20,80,1,1
leather Armor:25,0,0,0,30,10,0,0,0,3,0
Ring of DEX:0,0,5,5,0,0,5,10,10,4,0
Ring of hero:20,40,0,0,0,0,5,10,0,4,0